mean: 49.99990
stdev: 28.86751
