mean: 3.49882
stdev: 1.70917
