mean: 50.00002
stdev: 28.86751
